989	796	451	119	7	92	932	965	961	826	596	35	687	709	85	100	784	363	242	17	31	807	16	354	663	638	495	630	474	152	93	187	730	117	865	14	515	498	901	988	255	66	683	554	934	477	70	615	691	91	527	592	47	276	844	569	64	660	309	492	870	363	272	255	671	955	204	464	897	542	681	19	964	520	72	5	341	147	727	484	673	386	171	55	78	601	508	167	77	570	220	147	27	959	354	789	113	979	542	144	686
312	465	40	426	283	678	825	41	181	278	158	307	977	867	158	797	853	475	42	576	395	782	357	507	349	596	836	479	487	46	801	955	482	891	836	609	902	174	450	751	799	531	834	448	302	281	126	796	190	426	446	787	122	961	542	105	849	860	496	385	837	836	672	261	656	196	353	110	719	716	829	986	160	594	929	965	275	995	158	868	860	737	331	812	805	457	737	72	80	404	219	48	916	293	822	38	224	518	849	89	811
955	961	716	324	312	967	471	67	599	263	877	74	705	436	972	206	103	406	199	721	907	908	470	512	241	838	816	369	953	879	210	527	911	719	431	178	975	598	208	309	61	832	360	547	156	511	928	791	973	562	483	341	142	134	49	639	169	947	148	862	559	71	730	333	175	1	684	690	62	653	89	776	811	151	937	222	40	443	400	754	332	212	995	842	690	390	958	895	937	983	286	550	647	943	311	432	326	701	591	867	155
858	545	95	782	266	284	420	409	878	578	283	538	116	718	384	280	219	304	733	857	601	407	53	357	898	854	451	238	795	502	169	389	315	2	75	491	404	305	439	862	699	847	491	190	410	643	489	160	288	605	378	670	614	354	211	173	531	951	581	468	823	684	485	675	28	820	814	742	479	676	818	106	27	375	992	813	487	66	938	143	909	927	916	602	339	357	771	771	296	305	697	702	597	338	576	968	974	300	576	199	521
833	767	285	74	546	710	616	208	347	522	342	935	328	469	273	86	777	539	603	596	561	122	843	251	263	380	140	891	29	404	38	680	45	997	213	682	158	320	528	363	444	930	527	929	70	864	777	980	312	267	714	497	931	593	224	356	516	84	668	932	830	18	699	599	339	883	577	235	166	489	511	701	962	691	972	143	898	545	637	634	69	149	544	971	859	249	705	168	935	518	772	517	707	792	402	873	858	334	132	725	575
579	547	624	613	864	457	41	380	70	952	377	781	860	692	418	907	45	618	626	72	321	233	638	822	202	354	962	962	533	705	787	388	603	504	1000	53	30	458	825	82	848	300	436	951	348	151	497	693	773	666	247	709	813	30	884	755	365	605	380	424	178	76	654	18	217	793	201	854	619	635	560	748	144	513	993	135	690	932	260	666	761	50	961	935	614	479	370	612	746	380	295	406	417	797	376	239	292	8	920	320	597
272	123	557	614	36	885	223	546	584	607	378	550	188	329	299	371	858	948	279	729	711	658	180	467	932	173	897	3	990	995	556	712	418	244	196	454	279	853	888	744	178	362	968	759	600	833	867	419	542	497	772	613	601	492	847	491	526	455	741	747	822	753	381	633	105	730	691	541	870	411	854	593	130	108	803	480	499	99	559	571	135	827	788	262	244	715	72	343	401	979	300	728	534	363	415	561	874	192	620	484	691
953	690	951	476	327	968	452	940	537	110	552	831	474	87	77	202	180	622	918	343	176	386	278	711	949	204	270	30	161	994	677	323	616	102	46	57	826	695	266	434	330	348	315	606	951	444	731	590	924	696	170	384	995	404	9	296	610	608	943	290	931	849	720	324	948	877	624	254	159	861	942	878	198	624	463	621	455	427	513	874	344	535	275	829	910	445	401	265	702	588	505	322	253	852	293	161	993	167	925	420	161
35	238	590	981	558	943	362	643	556	211	440	940	454	24	563	414	798	70	735	905	734	64	72	835	250	846	661	390	730	906	497	388	798	801	979	243	709	309	852	525	335	988	837	531	530	462	824	675	698	65	310	826	788	26	818	864	513	184	146	150	384	438	181	540	140	947	308	96	500	553	820	343	615	136	273	888	938	798	972	441	880	760	483	285	892	323	171	67	810	449	235	452	255	772	68	273	845	159	835	644	850
998	574	280	148	403	223	205	573	534	149	943	217	350	741	694	632	423	695	1	530	977	354	903	195	656	229	863	566	16	18	898	371	836	450	242	698	781	11	424	432	508	431	339	965	936	664	596	530	255	775	600	790	590	799	737	577	496	312	480	604	17	20	299	714	580	126	945	992	463	585	876	777	250	404	429	214	43	441	401	114	980	422	182	877	178	624	74	934	804	738	377	805	174	765	776	235	822	64	524	389	33
130	274	691	513	29	353	520	61	819	281	747	530	18	935	46	421	969	492	31	724	772	295	904	186	236	872	637	501	589	63	914	301	249	456	469	179	269	165	427	659	759	319	534	915	9	932	299	854	670	333	977	643	609	210	934	189	717	33	668	314	644	756	620	511	942	18	434	166	445	662	347	634	293	890	96	977	909	81	853	590	751	429	583	918	343	540	725	616	38	674	820	418	968	452	536	187	415	109	568	922	529
339	667	601	530	997	548	194	671	530	102	405	91	325	712	525	128	652	876	969	74	656	659	338	984	743	854	628	493	268	868	891	788	78	65	934	617	461	799	625	902	10	361	37	606	624	221	110	825	680	456	717	564	183	943	587	42	273	514	850	689	772	593	839	409	317	592	960	635	33	678	586	659	345	886	555	350	756	217	89	531	789	249	958	100	794	306	17	69	86	28	862	304	570	625	353	633	696	645	835	441	624
792	18	400	466	89	223	80	356	663	342	361	397	363	712	97	31	132	136	461	366	722	762	128	98	63	272	582	162	32	633	347	573	628	505	612	84	515	808	971	768	445	690	368	858	18	430	936	322	196	554	169	639	879	588	234	725	433	175	640	442	717	511	670	143	388	512	682	487	733	589	394	312	583	283	265	146	366	134	976	712	679	890	827	267	631	318	254	302	171	158	617	647	594	987	757	466	59	267	429	377	887
50	929	356	652	806	799	720	806	8	519	38	202	628	313	194	487	844	694	997	397	667	903	692	695	821	289	323	947	574	930	393	425	279	958	959	456	665	531	57	980	618	646	631	342	263	199	808	971	991	322	97	412	637	373	373	437	303	398	843	964	418	691	288	263	730	954	980	622	173	465	581	367	205	520	704	959	884	187	63	386	581	465	599	940	647	853	876	798	924	135	242	384	311	947	380	420	952	623	939	260	228
334	568	452	910	321	912	678	126	640	763	829	169	737	843	573	256	180	414	460	266	777	283	461	93	168	535	466	879	502	896	681	707	865	48	59	654	308	769	216	388	135	421	960	633	593	72	193	156	1000	866	891	296	381	895	298	185	593	551	446	793	480	53	966	247	589	592	784	488	982	400	98	830	162	996	622	878	55	117	99	150	132	127	482	379	887	107	898	575	21	83	798	210	138	321	387	262	627	928	746	433	702
818	301	649	368	459	235	65	321	49	209	710	307	645	759	411	541	383	680	538	505	750	312	262	968	979	827	701	170	189	324	623	21	40	831	351	796	525	336	625	369	465	778	125	447	82	776	677	301	650	427	531	834	108	727	331	139	946	402	274	493	995	43	385	6	416	874	28	641	227	709	663	542	577	568	802	911	65	596	64	531	381	372	734	899	501	41	664	61	0	699	842	19	634	549	689	225	885	603	825	776	123
394	284	518	568	780	968	237	261	305	674	808	651	64	77	762	626	298	340	687	880	350	434	486	653	38	467	426	553	906	333	763	886	216	213	743	204	804	279	12	669	921	421	543	970	656	31	479	7	279	443	751	15	897	599	891	55	610	617	417	432	171	973	90	457	906	240	922	595	39	232	642	97	268	8	214	652	620	409	931	393	823	560	26	193	663	146	750	99	346	104	947	547	894	82	94	119	911	462	881	32	206
412	660	406	772	841	937	771	205	751	336	678	602	842	944	345	59	63	914	428	557	419	454	678	229	455	592	992	944	688	462	523	736	371	878	518	648	973	832	586	678	334	704	985	579	293	499	113	881	524	274	502	368	968	479	332	994	107	148	189	983	809	890	109	280	420	875	298	930	875	905	958	466	515	593	603	275	278	91	571	592	564	856	47	489	766	330	454	543	795	103	970	552	56	253	32	213	92	98	408	830	406
788	375	734	338	875	97	823	278	720	730	201	608	854	947	556	902	143	782	907	666	981	357	372	285	907	526	905	666	494	41	539	477	956	42	435	27	200	113	667	916	305	184	270	532	733	439	824	612	975	837	832	163	298	504	787	71	515	995	869	78	842	200	350	467	98	472	603	115	500	684	509	400	708	944	820	288	298	75	429	983	229	35	531	536	523	315	660	896	801	155	509	264	510	705	951	543	947	332	996	247	253
456	541	553	957	105	408	848	120	85	934	797	830	930	725	207	62	673	592	715	396	311	251	407	919	787	770	188	828	740	194	199	138	252	957	126	708	894	14	779	308	282	535	210	133	63	582	637	302	398	323	747	460	646	243	172	779	149	558	903	445	505	137	645	325	173	141	505	824	463	338	352	178	233	214	114	265	538	369	692	824	492	652	895	291	212	627	546	400	82	370	404	674	407	398	230	197	859	982	367	867	261
168	139	596	140	445	988	256	880	559	467	279	446	253	402	981	401	80	71	321	314	739	617	668	55	983	47	96	715	23	69	495	735	265	235	262	190	99	713	639	78	113	769	772	771	348	597	31	375	311	143	477	457	583	100	981	784	434	451	113	488	168	457	756	529	717	142	358	535	575	997	23	821	955	211	907	975	711	512	791	241	628	906	25	130	354	364	166	1	876	240	46	994	152	672	845	901	943	711	777	887	219
803	775	82	319	871	346	753	652	852	401	369	66	262	281	702	640	894	917	365	398	825	134	84	32	251	853	255	545	933	37	624	155	98	437	793	660	478	535	728	921	363	592	343	860	576	849	406	603	51	446	998	308	320	702	626	990	750	734	742	595	182	82	573	754	366	611	458	95	972	894	288	536	888	942	437	458	948	621	546	782	696	253	758	120	820	536	997	219	401	463	614	838	677	280	270	970	114	309	839	902	957
420	380	913	100	258	912	464	380	927	310	860	755	96	455	740	116	629	294	620	655	692	634	366	511	173	777	839	957	193	963	609	877	570	55	388	717	363	864	345	970	998	41	360	866	595	742	281	651	723	876	473	231	464	908	20	720	808	34	511	106	903	948	604	327	123	697	216	265	352	570	438	194	32	710	554	315	767	609	798	256	378	534	407	889	870	457	326	245	186	952	430	811	15	272	488	291	529	314	589	598	350
515	973	768	667	287	555	887	371	517	741	415	187	980	790	307	963	601	706	543	164	882	716	100	984	141	904	27	959	789	843	71	351	322	606	530	543	30	107	300	937	631	504	558	650	338	840	489	434	241	807	62	131	421	412	809	998	842	857	554	424	854	716	266	966	924	675	833	617	839	336	853	541	907	114	435	189	19	822	922	293	414	795	9	866	930	716	562	820	634	739	972	880	493	78	901	280	977	971	917	172	975
511	284	885	708	655	940	176	788	51	811	671	661	735	390	402	667	797	63	47	648	996	864	349	326	54	303	744	361	224	119	407	601	512	635	144	609	417	657	202	432	627	498	271	43	469	469	841	601	178	34	407	829	866	72	705	451	983	149	74	675	262	230	667	405	921	599	898	244	447	331	30	552	214	789	133	204	342	874	543	302	680	852	355	679	382	247	573	639	779	560	530	160	992	703	262	50	582	816	334	100	281
586	678	902	143	102	30	47	355	231	141	28	24	418	868	693	502	337	666	353	158	841	505	155	704	474	257	357	551	360	509	724	700	800	285	125	943	473	674	272	17	224	475	978	527	450	271	983	63	313	568	269	758	634	240	494	999	385	282	825	318	566	512	47	598	875	523	794	160	618	61	755	91	108	880	324	834	555	42	735	391	602	797	712	355	269	511	647	732	262	958	210	538	795	581	805	399	552	855	850	63	510
368	553	672	516	539	123	167	694	729	431	336	996	822	984	142	79	572	683	648	72	96	793	614	562	572	692	461	353	510	769	143	937	548	207	11	294	919	873	946	264	236	160	140	139	665	520	905	65	564	751	17	508	855	443	713	252	837	167	257	433	423	73	531	154	362	688	520	348	270	787	545	158	369	438	50	703	818	299	873	514	545	950	93	535	28	676	565	809	150	690	439	203	308	388	800	144	627	852	110	458	636
229	509	124	430	107	284	591	780	755	638	813	139	122	691	142	802	515	786	540	259	399	683	343	525	200	391	35	93	841	40	657	953	95	475	898	396	447	283	429	936	272	798	593	304	182	165	297	318	869	220	539	524	932	794	797	254	626	351	105	115	589	259	473	882	333	404	312	435	799	55	805	346	299	752	799	269	150	661	185	785	40	723	655	52	841	602	36	19	950	272	352	499	190	263	361	378	829	939	102	109	867
34	578	837	984	916	768	937	886	681	459	329	303	443	592	735	620	883	599	881	218	796	624	688	16	136	141	512	883	443	282	0	517	607	521	968	976	212	110	668	817	342	444	656	248	877	547	882	729	653	671	423	997	471	481	787	48	65	712	656	960	646	110	115	342	726	573	268	629	924	280	855	964	471	750	737	76	548	307	668	907	665	740	699	68	888	268	974	152	364	514	730	26	836	380	66	44	20	474	537	519	309
12	827	45	127	776	498	380	720	214	188	961	997	320	672	152	43	60	491	96	552	233	127	284	296	818	172	827	290	18	19	467	921	716	863	72	131	218	707	72	499	782	872	25	820	500	969	670	474	417	340	205	584	751	661	174	201	675	334	597	657	87	155	308	728	364	485	426	535	306	297	981	407	81	155	304	582	582	951	817	290	657	595	961	420	195	681	918	736	254	427	597	216	279	538	349	379	695	976	243	152	345
281	201	515	207	291	585	798	69	788	954	952	880	836	885	633	584	502	835	19	74	663	968	877	253	438	17	830	933	622	325	356	965	141	910	430	879	760	822	546	589	645	106	688	696	766	299	87	982	855	375	55	154	585	822	318	330	969	129	220	705	252	381	468	324	933	382	797	412	229	964	734	50	401	925	595	985	952	533	925	992	624	907	781	108	125	712	449	152	18	535	450	526	720	166	281	456	283	516	652	303	747
9	940	196	375	383	998	832	106	859	546	834	987	708	571	401	388	970	52	251	454	519	1	12	917	207	601	394	239	429	112	83	61	979	862	764	104	813	929	901	731	317	878	575	55	195	540	473	553	608	425	719	793	176	137	106	377	240	336	973	158	122	561	278	154	237	724	673	918	389	577	22	245	105	224	655	4	481	580	793	174	570	758	465	607	315	700	794	303	812	580	595	630	974	239	859	275	324	582	790	5	86
430	649	999	887	275	442	777	290	612	655	76	266	892	510	888	716	775	168	850	548	462	134	532	834	930	811	846	300	339	336	297	709	924	331	146	201	797	303	209	450	707	551	58	0	782	497	391	689	979	370	609	411	665	634	879	726	875	797	487	323	186	468	642	250	414	519	202	10	158	359	476	930	80	741	422	949	932	865	657	960	556	139	394	543	90	169	200	431	696	186	830	780	873	899	971	51	652	327	708	810	47
452	447	315	710	170	494	862	251	645	93	811	146	809	861	539	382	232	761	544	601	822	740	652	991	677	386	133	969	321	105	497	718	212	703	316	556	659	356	640	178	605	44	973	621	657	46	799	111	126	182	376	225	665	370	179	568	811	798	349	77	542	561	140	938	342	513	128	704	570	839	315	49	474	543	612	909	1000	600	329	375	840	755	845	802	851	23	910	267	416	789	806	46	279	592	829	926	837	796	309	564	130
603	686	482	138	16	100	607	740	116	848	776	645	932	270	892	249	921	425	278	573	650	1000	650	103	712	214	21	134	28	444	220	666	316	41	533	208	424	858	157	79	95	138	38	392	413	439	438	255	805	423	992	567	758	761	453	891	577	135	148	215	818	264	295	653	96	745	30	776	42	49	815	587	958	809	156	404	719	270	971	65	273	695	304	887	263	213	648	692	9	750	531	97	853	225	82	682	61	456	394	964	683
796	59	891	43	965	339	608	77	171	608	339	121	403	646	618	178	203	872	940	807	895	326	915	217	630	18	906	106	675	822	416	690	203	340	884	665	41	12	940	175	818	928	607	129	506	500	691	939	387	55	247	519	378	370	261	121	454	293	720	515	91	879	438	249	436	186	311	354	573	858	485	418	766	618	960	252	927	122	417	676	368	335	527	294	417	70	403	743	292	41	660	337	170	284	557	715	797	638	273	922	228
821	72	939	96	576	914	462	694	243	37	648	985	879	449	723	13	457	860	557	48	916	878	113	467	679	932	866	820	634	590	801	409	915	519	590	247	48	935	686	185	155	503	103	948	307	534	796	268	849	185	386	362	762	666	938	652	703	993	544	282	487	756	605	453	537	384	136	447	512	449	74	7	780	821	881	479	549	34	324	158	119	810	634	173	313	824	429	913	476	322	254	97	521	546	428	805	606	579	399	882	261
753	325	462	579	62	245	355	694	495	972	54	331	160	48	911	662	151	129	792	531	823	898	961	632	902	892	183	227	60	665	402	939	908	578	455	784	482	976	585	572	459	893	652	723	896	15	109	47	752	884	874	979	719	814	984	154	365	856	962	707	647	701	890	756	185	569	152	829	65	960	506	373	440	172	111	918	943	432	591	633	221	104	220	34	318	429	179	829	319	367	678	182	47	393	262	671	216	957	195	778	663
992	371	589	391	382	130	781	269	665	558	569	64	849	170	232	726	601	746	839	333	467	846	615	753	28	575	822	969	596	365	243	999	603	690	695	991	521	455	629	355	717	616	798	197	608	886	600	266	486	916	904	861	969	181	815	664	423	192	974	136	471	125	621	323	184	367	79	842	574	420	902	984	717	855	997	19	188	313	50	551	464	424	210	630	69	663	712	734	633	204	825	906	42	929	710	918	547	434	635	769	991
571	155	888	876	805	11	791	813	452	509	583	492	96	70	404	598	333	544	619	686	627	730	684	462	979	305	360	509	25	492	854	38	83	661	603	369	716	843	904	973	116	81	815	387	722	785	922	556	755	986	411	959	998	552	444	336	833	367	410	524	566	593	857	833	574	528	762	607	418	475	722	388	164	454	86	943	685	900	100	120	42	958	293	514	199	601	734	350	943	182	873	489	297	598	287	963	165	381	253	764	856
833	960	80	503	739	811	650	885	94	308	159	611	624	528	851	251	392	293	90	599	289	550	678	968	529	570	349	252	505	623	964	553	388	945	59	232	35	114	639	683	157	134	586	115	624	472	696	791	388	692	545	350	104	287	565	264	365	286	324	673	756	345	275	466	933	402	296	792	538	681	423	665	136	556	874	437	909	572	305	943	813	941	597	946	564	482	807	840	625	782	528	388	143	484	200	437	209	544	214	538	320
8	25	371	587	484	963	773	270	899	619	629	674	818	288	923	915	794	547	378	470	503	251	110	172	235	897	482	836	858	148	140	931	31	662	845	413	580	282	775	788	442	283	93	569	286	232	98	30	751	897	802	910	893	198	223	865	791	96	134	433	873	424	218	380	585	606	559	657	596	356	418	682	856	459	595	50	665	995	858	438	1	174	358	691	636	800	710	297	660	33	843	26	968	320	911	553	98	659	971	169	530
17	52	455	745	693	598	263	869	926	350	76	967	452	79	276	132	166	159	424	112	73	831	731	515	153	724	280	92	748	48	508	480	463	138	344	918	723	948	990	972	602	69	5	306	866	782	831	932	938	135	598	962	412	382	311	808	439	949	254	563	75	254	797	707	875	75	928	21	867	595	840	168	697	548	892	976	557	239	777	747	668	239	539	697	258	95	154	206	536	498	300	197	602	931	522	797	932	98	62	679	977
334	620	560	391	884	579	44	603	775	145	369	669	995	633	905	66	286	168	903	882	308	822	455	799	727	373	788	482	351	735	261	378	506	358	719	550	600	28	652	305	105	562	813	209	1000	478	592	907	192	484	768	132	89	365	984	944	256	56	308	194	738	631	671	366	695	988	199	662	40	566	505	752	644	577	139	404	718	475	797	1000	296	238	957	505	661	401	945	597	498	669	838	940	27	411	428	111	545	260	592	786	784
55	161	970	98	429	332	340	532	622	443	683	977	11	871	754	619	482	656	192	564	809	833	799	597	436	803	583	43	539	417	736	155	569	947	348	285	904	250	310	447	21	795	414	253	494	644	10	181	468	898	537	194	46	675	210	366	471	717	649	462	664	574	784	317	817	228	441	757	963	49	255	155	388	351	252	623	977	691	332	596	700	830	329	391	823	406	790	184	690	134	724	324	633	87	470	554	437	560	77	265	266
76	459	808	808	736	879	232	23	320	292	485	997	523	564	416	86	743	588	884	389	21	50	547	147	377	770	924	415	85	342	731	627	459	426	121	232	550	54	494	847	159	938	363	407	429	812	262	735	544	701	986	235	108	573	640	676	863	328	373	205	384	578	982	958	779	405	314	489	495	8	176	52	217	592	305	393	922	930	587	688	763	88	224	500	118	65	222	1	904	427	596	603	647	44	459	631	625	521	507	771	758
673	307	292	633	962	840	114	833	34	109	958	884	54	141	544	818	539	730	350	550	199	823	611	504	225	158	982	604	886	443	760	482	339	768	514	574	637	184	129	130	685	27	582	983	731	192	842	488	536	871	535	355	7	220	719	171	585	325	52	432	253	970	318	837	478	383	367	995	476	364	64	665	534	698	676	431	892	537	395	413	547	986	149	788	791	469	918	854	783	412	838	369	883	789	822	125	488	141	510	672	89
74	765	301	404	973	139	315	131	606	737	232	34	169	148	652	711	140	982	553	645	406	627	795	869	977	189	436	653	484	173	738	654	892	596	552	953	39	91	766	993	766	349	954	295	287	175	504	76	680	801	463	841	530	3	723	219	91	556	655	621	438	530	922	198	714	92	13	596	178	881	970	547	833	685	986	82	878	835	969	736	517	805	306	79	631	561	44	37	414	422	977	763	518	802	941	417	298	411	165	401	302
594	411	413	489	766	384	4	284	257	438	179	452	313	393	629	978	609	339	901	248	693	964	251	130	263	574	539	596	204	991	173	870	117	666	834	662	241	182	792	410	966	3	986	52	972	823	137	588	493	90	321	634	73	226	604	678	771	788	356	425	633	935	894	30	324	242	977	601	567	371	571	715	779	5	467	950	696	916	699	678	680	84	442	886	275	762	974	838	468	178	582	662	803	760	702	863	583	279	509	967	21
764	410	324	373	269	119	163	363	855	270	979	319	80	502	820	779	363	949	445	222	297	900	175	748	723	380	425	332	832	176	11	73	63	6	611	64	814	545	430	280	949	15	633	206	840	651	159	247	544	176	453	892	153	576	906	262	826	266	924	3	549	723	790	882	613	23	198	706	578	524	834	653	191	713	750	324	366	695	798	159	489	7	763	721	14	542	320	661	973	373	836	204	118	298	140	959	504	540	590	633	312
949	504	163	892	461	125	571	730	418	733	256	569	2	261	677	503	544	317	269	930	499	31	728	848	857	443	31	619	84	652	966	195	518	428	944	204	355	315	111	129	765	483	58	642	450	951	155	709	205	946	191	290	708	308	899	31	678	357	853	341	53	706	199	931	871	196	809	729	996	759	132	881	799	375	971	322	564	728	377	999	905	413	865	988	982	105	606	644	514	323	311	565	96	104	93	837	598	306	4	637	2
326	721	76	668	951	966	964	81	120	841	477	920	700	85	43	424	381	958	382	480	160	428	8	482	110	935	642	74	118	371	753	465	576	296	156	617	158	141	208	435	261	694	14	542	620	574	598	948	535	818	392	433	863	201	249	466	352	924	144	560	873	464	872	860	161	480	163	111	125	332	542	306	177	869	598	899	32	545	190	955	246	469	817	171	337	316	902	614	756	395	917	668	333	610	982	517	334	377	315	396	928
332	143	361	884	810	933	480	622	699	898	937	947	459	620	95	378	661	649	969	561	285	189	976	751	58	445	125	42	629	505	936	473	387	939	553	961	300	466	745	643	488	993	883	991	421	941	256	789	478	563	235	21	947	320	801	880	71	139	24	92	106	316	969	145	155	898	116	42	156	74	729	689	660	196	909	21	395	900	176	538	823	164	597	327	84	202	272	848	957	60	297	764	686	107	973	613	357	998	562	269	762
414	872	899	50	493	798	515	977	892	927	167	942	61	95	327	904	249	338	510	537	58	773	659	138	199	802	280	190	937	525	45	623	197	543	621	266	451	470	991	974	994	143	1000	93	201	74	336	343	120	288	122	509	907	510	969	192	870	241	110	489	263	321	899	813	150	960	352	33	168	410	762	818	570	729	780	625	551	465	0	725	53	282	635	616	929	719	473	106	979	352	518	731	582	881	19	476	250	694	805	373	470
191	538	705	911	200	65	343	844	961	30	181	624	162	834	312	83	585	441	316	874	82	935	412	71	233	849	807	942	593	758	327	886	678	173	942	376	942	611	911	408	60	209	32	534	865	37	414	190	430	105	456	401	834	830	994	695	891	513	620	471	605	69	467	474	564	253	383	418	146	776	274	0	946	179	713	928	863	854	345	122	195	710	27	188	884	746	191	808	912	445	298	356	716	4	130	603	160	849	911	477	773
458	908	813	109	18	791	776	974	190	703	699	981	702	981	178	842	474	506	193	430	919	175	606	206	106	956	590	573	692	230	190	524	386	467	275	114	741	184	386	88	143	146	142	142	553	771	309	1000	839	838	299	197	243	518	420	292	990	718	53	671	700	321	949	149	966	892	842	102	102	638	122	216	354	672	167	462	582	411	857	143	37	576	786	417	482	765	17	26	992	32	138	833	731	98	421	712	986	917	592	594	90
515	338	59	99	939	1	477	419	740	20	3	999	551	226	144	60	884	732	573	975	691	945	52	357	50	186	954	712	286	546	379	940	449	896	725	373	917	615	678	272	119	463	602	827	80	557	375	362	113	754	565	524	518	778	812	970	782	134	664	142	155	720	357	191	361	949	361	883	884	986	202	441	145	417	986	645	46	622	39	147	384	831	185	16	791	842	663	96	892	581	71	890	861	159	884	133	885	609	614	927	232
382	24	233	975	10	840	577	71	138	875	546	744	840	483	148	995	224	274	929	946	58	272	579	286	871	0	423	236	238	930	844	973	886	896	789	190	645	548	536	287	724	311	304	826	419	809	331	599	23	322	144	923	892	598	82	746	389	500	51	442	733	206	893	383	425	563	266	256	919	824	727	710	547	372	210	105	562	17	776	485	426	941	940	479	920	448	75	821	201	491	333	156	184	337	964	378	311	797	391	496	369
867	803	812	151	18	924	256	309	965	519	400	32	69	148	808	784	284	628	633	974	173	339	190	362	79	664	680	752	737	522	865	846	43	794	882	875	740	274	814	653	243	711	536	927	891	860	450	489	976	661	597	347	411	282	738	460	693	202	12	921	390	303	498	290	691	792	240	868	262	593	610	477	715	234	84	558	85	563	406	642	310	6	694	712	229	110	679	69	139	264	267	338	948	360	597	705	215	90	36	190	748
606	647	188	677	250	606	885	555	376	317	816	493	761	266	210	346	933	173	803	624	812	255	805	537	974	232	139	246	297	434	92	31	535	733	118	774	164	495	73	130	466	534	874	824	110	373	958	330	470	816	909	621	30	104	96	648	722	458	547	231	564	605	497	173	110	958	538	130	724	529	633	572	474	823	112	179	998	262	248	977	445	539	580	749	164	766	933	346	805	813	616	282	263	662	134	92	879	75	240	322	326
735	765	118	637	575	114	28	773	98	661	961	253	469	196	32	758	687	748	44	759	234	137	105	642	267	14	985	97	649	728	239	356	380	519	757	109	199	588	307	84	768	987	276	213	86	124	120	888	508	674	774	228	713	436	61	638	88	888	955	971	25	760	451	865	905	143	527	608	466	663	462	179	80	894	289	858	951	136	585	69	352	931	10	704	947	233	578	683	34	501	641	912	908	275	101	351	869	668	442	46	140
681	388	742	828	59	433	959	458	418	599	48	372	213	645	510	739	338	515	426	132	424	693	756	100	833	780	644	567	229	69	865	380	82	47	350	864	35	188	661	654	758	689	501	977	805	318	587	624	447	235	574	971	578	995	830	387	291	79	856	483	395	301	202	455	75	518	528	258	705	712	623	322	826	928	278	325	241	839	823	782	713	228	164	883	611	45	108	16	449	308	64	665	868	513	640	891	940	443	997	485	750
119	870	617	215	414	428	832	105	507	69	823	854	408	854	234	593	312	998	831	684	470	16	572	165	859	956	93	900	169	685	4	465	38	455	407	264	699	176	769	4	283	854	606	117	471	422	508	896	892	694	717	276	589	594	771	656	899	694	659	816	38	625	77	521	10	586	654	609	787	891	470	675	743	252	654	902	299	184	344	848	243	112	761	242	567	721	731	248	846	807	701	335	616	950	238	7	445	35	645	560	284
553	467	709	137	857	660	91	987	238	791	85	347	26	672	857	210	684	681	288	574	769	842	269	661	317	827	743	887	689	978	623	163	359	237	51	749	343	299	748	891	846	47	336	157	328	756	798	668	749	411	923	584	10	974	880	484	192	495	563	650	221	275	976	532	95	834	725	714	239	530	50	949	968	335	428	991	911	302	315	858	514	555	202	150	347	205	476	4	944	828	219	930	745	136	583	687	25	483	248	620	370
573	488	73	206	711	79	747	479	318	614	269	490	766	829	239	220	870	124	797	364	987	829	16	563	305	992	626	999	439	939	899	109	258	982	64	33	848	484	75	348	368	122	46	431	858	202	8	956	209	387	246	719	380	852	975	511	297	706	763	915	496	941	786	524	320	43	40	231	884	621	29	688	824	479	487	767	29	218	125	867	657	966	752	12	191	603	431	945	550	144	865	384	393	868	750	177	245	944	862	146	177
695	68	414	514	231	18	771	230	981	679	13	601	805	483	4	861	458	764	600	484	87	22	402	416	280	785	701	293	574	581	286	38	746	622	792	565	66	659	962	105	419	745	8	953	293	794	841	276	504	43	576	238	858	578	838	700	730	518	639	590	256	554	730	994	558	610	938	308	986	651	277	722	599	261	722	712	625	551	342	424	756	838	251	264	226	323	692	464	791	332	956	627	668	228	672	91	907	24	773	700	38
734	48	591	264	92	10	874	448	589	260	924	920	725	160	294	977	990	714	307	488	404	647	829	394	592	790	418	378	292	81	880	762	331	572	646	331	45	981	650	763	837	585	751	88	586	979	316	655	485	796	796	671	120	174	537	427	671	582	98	443	920	327	794	428	554	227	951	709	376	382	272	713	348	636	100	305	295	976	879	359	117	796	475	536	251	271	248	278	624	884	175	246	129	485	83	109	773	201	609	87	542
516	246	38	964	59	662	856	648	751	564	284	686	205	823	775	532	100	650	966	796	121	675	477	565	726	779	683	427	558	444	399	688	171	656	529	141	646	170	390	424	140	106	886	659	501	747	885	872	817	102	25	321	606	269	769	952	413	249	883	650	724	424	776	342	138	108	234	831	753	516	418	653	275	652	346	962	318	870	761	982	177	869	644	763	171	234	713	507	124	600	547	641	586	466	514	547	191	155	308	870	925
680	920	971	473	179	93	107	916	162	776	889	732	158	224	908	837	765	651	143	414	236	436	164	980	118	495	322	906	473	570	819	783	217	351	824	741	493	674	678	301	544	903	751	872	297	290	756	69	129	196	316	332	283	466	622	154	877	700	608	151	680	85	743	49	787	900	607	955	606	605	42	474	857	219	749	520	749	74	717	213	786	952	939	419	440	976	510	107	58	567	86	276	928	842	795	158	66	416	623	371	104
993	464	587	74	134	798	830	971	107	853	997	520	905	345	372	326	873	130	229	926	390	371	516	498	145	974	757	531	728	880	91	192	455	22	302	22	104	152	893	312	962	544	165	612	973	499	703	392	589	270	300	846	868	415	446	443	982	299	380	838	114	104	436	215	291	872	447	723	15	249	842	952	862	846	705	505	773	408	87	958	971	795	317	196	287	178	797	483	629	35	482	73	200	72	492	530	933	75	101	931	49
238	345	363	582	140	913	420	633	665	826	34	242	204	266	135	172	498	386	448	253	80	137	320	674	355	153	781	536	75	981	601	655	92	950	71	628	585	322	718	797	755	282	661	503	27	522	758	699	692	600	419	382	682	458	19	396	711	94	922	863	593	485	419	203	792	406	745	442	426	250	755	984	700	774	619	110	444	986	595	872	757	238	844	153	765	672	421	131	497	834	937	533	759	639	961	85	307	123	45	923	680
604	763	861	134	263	568	312	393	483	656	975	540	72	704	522	156	929	357	520	440	638	910	213	546	124	861	278	119	836	990	748	79	831	979	454	584	819	798	492	528	824	618	377	279	845	783	39	222	384	738	203	200	801	466	100	509	125	457	997	139	337	641	640	34	74	674	118	666	204	89	648	488	976	914	231	423	530	586	331	878	727	539	326	36	781	506	859	575	223	59	339	501	894	473	967	837	574	601	508	750	978
238	807	627	158	943	587	4	422	231	254	16	930	393	800	274	941	560	567	723	946	276	540	476	428	784	736	335	492	202	800	285	174	947	576	479	933	5	993	470	881	463	967	867	568	1000	466	148	854	817	613	788	4	970	891	191	488	935	724	847	833	715	186	683	7	476	200	717	313	743	415	123	673	545	131	461	278	140	807	142	799	992	281	754	283	642	195	919	745	355	709	187	723	516	378	50	168	263	474	552	668	685
651	242	548	815	337	498	604	110	407	901	298	964	756	837	523	284	587	256	193	392	339	615	941	824	115	73	386	423	940	881	102	980	672	560	264	681	739	13	747	386	31	687	3	372	68	164	103	30	323	306	9	92	996	248	399	821	879	970	353	211	886	388	4	738	196	551	247	731	466	687	989	453	380	791	584	760	811	201	269	746	569	883	891	868	788	866	875	566	554	918	792	89	174	381	927	743	838	399	849	881	680
303	951	701	427	845	507	869	835	21	460	83	42	975	983	185	287	819	214	212	331	630	432	822	592	985	79	668	810	559	737	91	599	569	794	739	643	405	597	453	259	997	191	823	533	491	340	396	692	459	715	413	882	632	136	231	250	522	580	637	528	902	89	707	72	839	701	15	448	14	329	363	965	446	533	408	454	750	196	840	455	327	70	272	566	358	284	906	987	455	827	585	506	378	955	387	98	477	611	433	734	235
109	617	855	34	225	595	710	64	865	903	349	775	31	129	885	473	605	985	406	194	673	645	860	768	312	879	875	83	396	629	840	582	601	797	81	630	814	133	621	777	411	462	57	903	141	590	912	696	659	816	618	563	579	284	890	764	857	503	231	425	911	551	737	374	453	436	156	823	37	593	85	599	874	41	786	628	27	393	191	46	260	160	177	790	937	129	808	180	719	134	562	325	338	169	356	172	723	68	142	387	697
204	719	37	856	148	992	998	893	412	661	835	479	427	874	409	988	4	331	413	911	355	353	878	369	691	265	431	502	356	273	863	587	945	661	158	699	994	251	1000	476	701	979	37	951	701	677	194	241	745	600	398	819	736	753	399	900	147	589	517	116	396	471	204	285	393	843	250	924	261	963	384	150	530	699	611	543	736	682	499	997	542	36	183	329	811	738	890	246	408	499	539	792	339	162	923	228	568	337	690	895	816
23	708	295	809	861	831	854	942	266	884	103	689	29	222	727	99	324	723	933	515	923	498	306	11	835	473	159	535	765	966	658	79	848	444	741	486	562	735	868	487	836	13	658	334	368	251	876	650	469	99	250	411	722	995	359	476	57	137	682	408	305	794	598	612	575	65	659	769	149	109	320	682	706	819	46	479	385	858	628	359	633	2	106	726	751	263	645	307	25	806	799	11	227	581	861	279	904	653	708	227	51
888	940	121	57	933	247	85	17	188	513	425	544	320	961	163	833	256	85	295	967	114	553	325	271	511	282	221	228	574	58	389	391	168	117	752	411	146	602	556	967	304	799	310	142	847	280	745	40	135	358	131	358	947	260	117	731	95	868	405	961	252	473	748	359	579	402	232	598	638	677	113	994	259	891	801	57	429	817	566	820	376	363	594	944	401	747	48	718	711	471	443	107	426	930	944	385	536	803	123	146	421
259	806	478	939	789	955	411	860	282	545	17	226	481	965	441	32	248	190	6	647	819	961	24	530	219	341	799	781	563	284	816	67	550	941	816	286	328	696	298	927	728	652	405	365	41	715	821	330	987	625	524	891	134	896	517	21	28	610	615	739	118	106	628	984	936	930	997	357	677	324	679	648	969	923	320	209	848	524	354	275	55	122	134	630	576	560	449	759	639	16	438	222	255	455	212	41	175	614	500	24	520
489	863	371	155	464	277	69	616	99	147	869	79	850	502	463	147	465	73	370	52	62	173	961	125	763	105	872	49	183	405	649	118	371	291	323	497	303	796	487	481	303	748	144	618	209	70	902	131	481	519	474	858	478	954	216	809	79	696	712	359	876	607	304	274	746	676	473	740	156	598	248	803	640	573	674	90	900	197	473	568	36	323	11	492	345	272	718	585	308	520	239	78	277	671	618	225	103	428	405	328	328
807	978	278	499	295	280	126	578	409	122	440	443	868	696	56	540	457	611	603	681	369	584	394	62	175	283	609	834	40	123	272	205	954	28	189	949	287	548	896	802	646	72	785	105	800	63	791	10	145	537	932	188	27	522	552	368	964	893	738	120	388	686	246	928	19	417	503	201	386	501	858	29	312	223	27	54	543	527	702	509	428	223	323	107	411	724	504	238	351	59	893	104	436	632	275	326	703	779	320	663	225
419	637	119	363	193	420	934	791	992	921	682	331	790	415	409	524	439	560	63	463	907	757	600	409	581	671	694	783	427	608	869	155	111	758	421	634	243	844	208	377	72	211	68	366	608	39	138	767	707	239	969	414	5	925	691	566	198	919	805	810	589	961	946	51	4	402	280	372	912	501	898	672	797	826	490	843	428	34	156	616	726	465	525	747	393	643	114	669	913	853	12	43	362	39	477	836	507	899	685	599	713
52	743	843	293	657	839	510	425	760	301	500	259	306	222	984	10	12	682	844	470	488	603	299	770	744	712	209	961	336	490	831	553	714	990	906	754	238	378	949	674	85	440	196	232	934	653	729	133	67	517	97	372	29	620	371	990	391	639	806	176	186	339	151	90	532	884	647	673	177	845	469	266	279	369	343	76	267	680	18	673	97	693	593	206	129	512	702	969	129	885	337	670	365	979	509	856	61	235	805	254	25
382	339	491	367	649	290	623	259	366	988	600	132	216	356	793	819	155	748	427	381	748	266	905	642	799	845	253	793	996	281	742	382	557	108	301	665	367	726	562	841	584	161	373	552	933	891	667	543	628	277	84	726	993	828	869	450	705	649	804	15	273	299	175	422	691	775	223	401	574	828	914	678	779	154	317	971	483	424	966	961	501	528	447	400	154	964	243	346	241	49	617	383	100	815	127	830	403	991	537	752	660
243	782	92	363	538	45	291	683	585	847	496	27	586	754	280	173	1	805	342	914	279	334	673	400	898	702	154	664	305	850	730	120	890	773	128	836	773	591	344	227	973	399	949	72	470	558	139	609	538	49	267	775	852	517	758	182	474	453	65	708	559	63	255	419	283	614	488	504	466	445	478	428	23	361	12	420	174	231	29	196	102	464	499	957	312	189	314	415	199	572	565	593	506	903	175	179	223	416	965	910	109
66	978	297	803	759	649	218	938	752	462	846	172	545	572	189	646	300	609	91	167	964	435	223	362	411	553	929	128	829	289	710	617	589	933	392	998	107	488	125	740	970	595	292	254	300	452	740	627	622	607	380	953	911	496	531	290	802	896	957	400	343	881	76	390	596	904	138	489	420	271	102	778	854	35	153	790	590	328	371	57	522	633	285	201	198	590	770	338	717	162	184	486	204	946	151	494	422	242	917	287	825
419	119	695	342	68	15	92	160	375	294	813	900	147	347	939	861	606	945	743	362	438	93	88	525	886	608	568	986	362	5	237	493	183	610	683	802	973	548	547	195	253	175	323	64	472	175	373	419	536	704	390	987	18	773	593	935	406	805	116	481	967	128	568	33	416	630	902	345	265	626	147	330	268	153	517	733	720	615	926	839	976	961	196	145	54	804	127	994	636	893	346	1000	93	484	952	622	821	459	519	620	38
241	120	52	561	405	831	447	97	160	874	572	282	748	998	810	73	695	62	865	933	368	676	840	556	433	66	841	327	448	99	594	624	574	381	433	131	114	767	940	293	955	995	753	867	30	218	628	686	676	594	931	774	47	735	87	746	323	742	265	289	224	794	481	457	592	990	158	192	959	536	985	802	241	992	851	307	278	244	792	199	927	287	986	119	859	483	528	715	879	871	836	203	606	80	534	169	151	528	211	47	118
549	643	663	256	828	261	698	232	690	79	902	916	432	25	466	960	275	422	947	630	864	739	854	112	632	642	948	83	432	49	873	264	777	271	408	580	613	163	746	423	201	294	817	20	956	707	689	734	459	252	520	989	100	913	44	762	872	173	293	802	192	279	501	590	778	505	389	771	577	578	446	554	886	69	331	968	319	838	507	617	93	575	887	317	601	400	281	665	630	5	118	459	200	454	88	232	649	231	48	982	373
937	30	971	181	905	540	307	274	615	474	30	498	591	866	118	479	751	835	845	535	121	221	426	282	67	985	345	733	293	48	907	878	70	244	369	544	882	277	638	536	982	702	935	270	296	925	957	270	49	961	978	395	250	56	329	305	758	893	354	169	626	949	529	125	324	237	567	958	157	428	22	776	197	461	603	294	240	723	836	732	896	870	355	258	823	22	427	97	282	393	254	669	494	59	267	733	624	96	77	155	963
454	71	238	86	33	278	711	207	303	819	22	572	480	548	384	691	966	753	404	771	432	778	764	37	784	738	392	985	641	856	887	387	519	248	351	220	312	392	424	852	988	458	76	124	798	565	321	850	60	209	107	703	520	951	2	430	938	323	952	765	838	402	719	229	687	691	958	368	676	160	325	219	625	22	688	248	78	171	30	958	152	224	28	885	56	132	758	829	830	814	263	66	618	172	1	894	460	527	182	741	266
487	740	444	32	604	637	287	333	2	865	489	1000	350	148	62	375	320	364	351	38	910	81	147	110	916	828	856	828	526	91	878	92	547	952	468	256	460	678	419	7	181	821	10	775	88	572	986	176	619	589	556	573	307	50	124	381	911	438	298	780	840	417	972	636	849	406	629	6	986	155	788	881	439	84	784	574	936	480	206	582	485	434	930	760	507	740	232	109	259	878	463	45	330	821	94	237	875	602	712	669	506
406	51	415	728	551	527	932	860	409	745	610	366	823	704	724	927	631	195	979	625	247	677	65	924	464	646	793	915	223	658	798	889	64	186	695	246	182	316	997	12	508	268	790	816	803	698	424	472	154	433	518	57	482	817	892	675	46	820	437	824	833	634	303	112	73	709	937	40	587	689	182	408	205	109	36	976	784	7	667	786	333	200	658	993	46	677	793	555	676	69	924	423	987	823	847	662	678	984	822	947	364
297	411	358	799	76	160	481	363	999	583	719	154	98	183	644	330	831	484	875	218	839	109	658	731	951	572	405	164	440	890	700	408	465	269	113	608	933	952	295	934	770	414	666	955	143	584	941	725	479	966	452	855	489	906	577	799	558	842	688	63	329	370	208	77	90	867	443	151	576	835	393	70	228	347	509	835	314	658	8	339	473	357	402	222	804	129	85	370	169	243	978	957	235	520	469	982	908	569	382	410	30
451	428	285	824	536	274	983	537	891	236	1000	793	604	457	851	237	822	295	429	4	437	954	698	921	501	730	938	299	561	898	384	313	54	125	965	439	966	415	760	768	816	628	703	184	857	764	591	561	726	303	569	853	828	387	370	788	244	997	246	769	742	363	783	485	517	20	959	965	653	932	519	734	954	158	450	651	286	213	401	906	378	218	561	900	649	365	689	606	627	634	678	82	868	706	393	331	592	852	962	155	141
543	540	403	936	970	453	298	398	490	596	110	926	650	880	910	517	742	957	278	217	827	336	285	466	747	584	669	956	488	992	219	406	93	295	545	327	923	700	660	376	102	870	541	0	303	454	555	585	757	598	950	451	322	921	393	636	746	61	11	755	722	854	595	606	305	755	116	556	766	154	5	280	770	499	545	419	347	397	557	653	844	984	183	447	278	355	892	274	645	822	8	656	455	574	548	54	966	130	946	30	13
907	546	680	117	145	622	218	715	576	177	921	267	909	202	41	358	733	598	569	412	631	836	178	876	787	63	208	108	799	5	555	401	255	685	786	975	848	991	183	264	712	151	847	663	993	117	667	956	798	251	497	869	402	784	255	138	20	153	107	594	801	179	801	978	599	323	344	574	101	591	407	521	373	201	629	852	547	90	132	968	827	434	513	29	586	992	215	690	783	32	611	649	451	932	596	736	957	703	689	59	577
114	901	441	803	93	253	552	868	326	357	823	593	899	40	50	903	238	617	539	944	435	139	787	800	722	617	882	634	672	818	399	552	117	225	107	415	757	581	620	495	83	750	647	519	915	995	460	259	826	973	195	394	415	464	868	439	323	717	442	500	738	713	178	167	811	403	141	694	973	380	334	546	719	382	480	508	956	817	100	411	580	459	670	48	703	314	627	974	553	72	487	655	131	142	983	719	655	883	942	935	611
107	125	781	397	462	520	966	156	479	260	959	918	939	98	39	544	152	686	966	23	703	761	799	485	696	277	867	370	214	750	524	525	499	615	422	80	69	580	881	542	666	272	630	876	612	300	156	718	1000	798	298	332	54	512	50	370	444	931	273	530	736	885	537	271	753	57	114	154	136	788	936	397	20	292	23	970	172	561	67	936	693	542	16	653	120	98	821	590	771	89	38	425	382	830	286	871	778	359	999	608	226
853	29	1000	983	930	521	631	624	931	282	53	191	511	934	197	623	80	865	325	38	787	818	463	576	67	209	0	401	611	300	137	890	324	721	371	368	591	769	887	421	795	644	320	708	119	124	151	992	100	369	197	599	938	691	240	45	630	88	216	408	390	893	780	944	62	357	546	958	472	652	385	850	786	321	23	466	122	189	92	456	642	444	362	282	742	203	859	239	469	85	744	796	755	845	668	889	0	132	51	363	817

152	293	135	206	629	520
777	199	88	106	384	268
8	47	537	921	345	766
548	498	87	554	538	410
106	804	733	724	209	830
730	144	740	172	531	986
219	241	887	497	976	495
950	595	755	846	368	686
801	620	941	217	970	292
166	86	840	45	55	511
221	108	356	173	449	939
356	298	210	206	258	681
49	429	263	806	983	877
99	940	419	45	646	224
989	127	798	88	741	379
456	861	823	202	732	572
284	246	643	541	757	165
501	204	854	91	676	931
740	781	569	742	103	229
220	139	335	984	748	967
98	817	458	227	249	77	
561	186	561	772	445	932
324	227	718	189	919	408
70	726	358	499	940	133
950	950	950	163	163	270
628	5	580	11	656	660
399	808	928	561	191	655
307	627	104	395	5	542
913	721	261	557	25	342
728	921	246	672	416	56	
936	322	862	231	947	321
409	917	293	778	722	848
513	335	8	700	353	56	
315	254	794	53	708	92	
34	384	785	563	114	491
893	707	32	664	8	244
43	299	33	445	87	368
296	443	573	282	814	819
947	429	431	420	428	544
96	271	214	296	244	761
409	72	611	219	363	481
586	679	177	379	42	734
520	133	455	896	697	686
998	395	285	719	340	798
274	987	884	968	935	714
571	577	164	297	527	35	
980	935	789	550	147	238
872	215	384	451	865	857
250	632	911	337	605	36	
404	287	595	986	644	579
452	898	662	372	79	788
285	344	809	512	717	507
759	732	949	50	484	944
422	95	314	969	465	627
700	562	82	448	665	921
941	74	168	414	363	741
461	606	790	184	215	548
401	212	778	856	617	793
379	772	775	330	616	7	
736	369	622	505	329	766
688	451	955	996	843	589
232	981	793	600	370	813
598	519	895	192	475	768
782	371	881	5	470	879
145	931	902	88	467	822
900	120	809	88	44	578
834	902	902	507	719	370
748	229	830	948	40	532
862	107	599	837	366	316
959	510	539	151	876	556
191	960	414	724	767	312
53	439	892	690	822	413
687	490	702	671	169	319
250	997	11	747	53	590
819	802	903	947	193	139
105	462	275	491	181	790
903	801	563	242	815	331
159	301	8	185	775	250
154	580	14	546	314	85	
438	702	444	424	985	113
568	646	734	272	960	580
543	590	306	801	921	805
542	373	742	378	22	566
293	372	69	864	23	767
749	530	638	97	335	480
307	441	564	300	538	787
939	47	421	552	596	967
43	111	43	77	126	306
966	178	835	978	453	751
616	955	430	64	227	112
515	863	644	472	130	667
962	397	224	579	784	150
582	637	60	746	276	58	
814	924	184	307	721	424
889	262	463	555	808	33	
84	800	565	127	662	677
321	595	229	45	636	592
239	719	805	628	914	412
166	11	933	167	796	796
243	248	275	777	165	145
493	502	51	558	139	117
